[29.592936919485325]
[28.283109637408685]
[29.229724980628788]
[29.882994355956356]
[30.866482296874167]
[27.02772631725537]
[29.966300988503335]
[30.658012362649387]
[30.658154863129425]
[28.92455728006763]
[28.454422464784614]
[31.351486119149378]
[29.224508880651705]
[28.673173191711896]
[28.75366800035006]
[30.834846956525297]
[30.200301911130737]
[29.878647444846365]
[36.42383892216981]
[56.17158793486196]
[28.533666722461582]
[32.45390399785157]
[27.60842171306544]
[29.960220490807103]
[34.52867031868254]
[29.637680674427486]
[29.39868662620676]
[30.55231145341378]
[28.98306818528387]
[28.37502020769]
[30.538711022187634]
[30.289518472663445]
