[30.018839554136324]
[29.739253130890013]
[29.752708218742924]
[30.894932105180928]
[28.435845634311107]
[28.853786621785616]
[29.2843492792108]
[29.696242182316613]
[29.61023086401549]
[30.03274249703719]
[29.72920394480333]
[31.943277110285976]
[29.837166352127277]
[29.840966759348817]
[30.00697638844001]
[29.944038205951465]
[27.737026976673008]
[27.89363646675485]
[29.80338220656563]
[29.241106956077147]
[33.6329714100475]
[27.376883858289986]
[29.104284377746595]
[29.71244777906969]
[29.979386804802985]
[28.533247734167695]
[28.42829808443446]
[27.956353424089553]
[27.29745980050039]
[27.859204962693553]
[30.378705257829722]
[27.534052846906775]
[29.57161268351001]
[26.514348534966985]
[24.827591014613404]
[26.88645285187863]
[22.70376429812586]
[22.733981600280345]
[21.282816388170048]
[21.77605395869935]
[21.657551788945277]
[21.684820643345397]
[21.602702310404794]
[20.570205368387455]
[20.13310751833459]
[20.739911114836275]
[30.389794772341318]
[30.372870444625732]
[57.3784852024055]
[58.548318885648825]
[31.38031718156776]
[33.54705615305056]
[36.44546442660362]
[39.27013651345044]
[37.12272031189218]
[36.6100653350004]
[34.72487840435022]
[36.5379477426265]
[36.44994978544233]
[28.9830681676897]
[28.375020346747675]
[30.53871109685364]
[30.289518472663445]
[30.866482296874167]
[27.02772631725537]
[29.966300988503335]
[30.658012362649387]
[29.592936919485325]
[28.283109637408685]
[29.229724980628788]
[29.882994355956356]
[30.658154825250307]
[28.92455728006763]
[28.454422397195202]
[31.351486127750697]
[34.52867031868254]
[33.890670631041985]
[30.221956113451597]
[28.021419010600283]
[30.55399309600797]
[31.078100131762532]
[28.484671117741158]
[28.87785009091931]
[29.385878061677317]
[27.943747170861172]
[26.319232967386824]
[25.83602662429226]
[23.554977432517035]
[25.717553744076213]
[29.24247468917696]
[25.15883210006649]
[25.535203971740827]
[25.33092735834566]
[25.94713241180432]
[33.75227976314392]
[27.401863331225286]
[56.36134910189506]
[33.096392383952036]
[33.27239499694642]
[33.36436589392804]
[33.83139172089821]
[33.84683411925083]
[31.64402557491593]
[30.721822099504834]
[32.60069521912517]
[30.761805744253138]
[34.95601808192566]
[30.592699863914987]
[32.566090949712915]
[34.427454509611266]
[32.440232412150934]
[30.317046439410092]
[43.92719624617712]
[28.999168265467148]
[30.223993694700464]
[29.50727134132756]
[30.58548912732111]
[28.70177272500551]
[28.912342439088363]
[34.80637680694281]
[28.21214856942524]
[28.364489029775086]
[33.19185798627106]
[56.55055233001599]
[29.967954511863056]
[31.76010762346482]
[28.526060480224444]
[31.23316564562856]
[28.95766284183088]
[29.286548482198043]
[30.743365035056684]
[35.0485125219154]
[30.886271665696256]
[33.05679843023091]
[30.87720163307722]
[31.175158425390237]
[32.37684831761166]
[28.87257189312197]
[32.54272252814329]
[30.793426256003393]
[29.009763562627256]
[30.192808383950904]
[28.729013105799538]
[29.42922100071044]
[27.633011152373584]
[31.85239863361398]
[27.550118130475482]
[30.655076962042102]
[31.75053918645162]
[27.491360088112174]
[29.39743603184728]
[28.72728718823828]
[30.38949515796096]
[30.09778800993422]
[29.816354874546846]
[28.66155375485289]
[30.840068117822966]
[30.471639870516185]
[30.76337279591212]
[29.35592085863297]
[30.79553157743316]
[28.44831652726336]
[28.317728912504208]
[30.46805452802886]
[31.600688271666826]
[30.472456417082732]
[28.40032729174639]
