[36.23615023048302]
[29.730189586152846]
[28.594441350538006]
[29.95537340512857]
[31.22486777028496]
[30.33809718007521]
[30.122324269272127]
[29.495479090113093]
[31.503511134235907]
[31.58887628935895]
[32.59324481088572]
[29.703514936073645]
[31.186911111603436]
[29.965603524681434]
[40.063700368365744]
[29.926412305316624]
[31.279162072612735]
[30.17103655080801]
[29.94786872071927]
[28.471122298447227]
[29.728093717612232]
[28.768745771794627]
[30.136603885097486]
[27.256573447399916]
[29.220177378669746]
[28.386896354516793]
[29.156528484662438]
[27.16260294300733]
[28.07619384638633]
[27.82638533287721]
[27.183336580362806]
[27.52503215430204]
[32.60889748231513]
[32.08973839059682]
[31.385443476657912]
[33.33472727494622]
[32.50772981449422]
[30.047515943182816]
[34.24934254242459]
[32.39420754110118]
[31.924359031601696]
[32.07771656704122]
[31.296323480611107]
[34.59338923009763]
[29.972050465628115]
[30.599378630708955]
[29.272143442761887]
[27.633445531953896]
[34.52867031868254]
[29.637680674427486]
[29.39868662620676]
[30.55231145341378]
[29.22450894309093]
[28.673173191711896]
[28.753667961002634]
[30.834846956525297]
[30.20030182621943]
[29.878647502613717]
[36.42383822373142]
[56.17158749845129]
[28.533666722461582]
[32.45390399785157]
[27.60842171306544]
[29.960220490807103]
[28.98306818528387]
[28.37502020769]
[30.538711022187634]
[30.289518472663445]
[30.8664822379639]
[27.027726794554468]
[29.96630113476114]
[30.65801230520617]
[29.592936919485325]
[28.283109637408685]
[29.229724784715813]
[29.882994355956356]
[30.658154863129425]
[28.92455728006763]
[28.454422464784614]
[31.351486119149378]
[31.31131291951756]
[29.200047913759093]
[28.9938241617686]
[29.84508042168536]
[28.45925251691051]
[31.571084931653786]
[30.33388313485608]
[35.269965055694115]
[28.173158670775763]
[28.23616127486673]
[28.933846813707653]
[27.04719990221254]
[28.100249028651348]
[31.62504119896971]
[29.379868426082325]
[28.20599671821911]
[29.120940160283567]
[28.5900111371584]
[28.75678029592804]
[32.86507415593405]
[28.384128428687582]
[28.52431969321131]
[51.05391310694898]
[33.246010851802566]
[35.12258324153299]
[33.02431808655429]
[32.92833804575555]
[41.85671943723446]
[32.86846851347701]
[30.996237967220054]
[37.210705326381515]
[32.57397389967611]
[31.501850042422305]
[29.91446044753573]
[29.0474299924785]
[29.56546549822491]
[29.40303060292763]
[31.16710528761409]
[30.57374305875794]
[32.54381830772127]
[30.84951868666704]
[30.590654341038523]
[31.15925162686335]
[31.465982382505786]
[28.79247756736676]
[32.2650811482298]
[30.723530276964624]
[27.85730586608929]
