[30.658012362649387]
[29.592936919485325]
[28.283109637408685]
[29.229724980628788]
[29.882994355956356]
[30.658154825250307]
[28.92455728006763]
[28.454422464784614]
[31.351486119149378]
[34.528669967360884]
[29.637680674427486]
[29.39868656807323]
[30.55231145341378]
[29.224508880651705]
[28.673173191711896]
[28.753667961002634]
[30.834846956525297]
[30.20030182621943]
[29.878647502613717]
[36.42383822373142]
[56.17158749845129]
[29.730189586152846]
[28.594441350538006]
[29.95537340512857]
[31.22486777028496]
[30.33809718007521]
[30.122324269272127]
[29.495479090113093]
[29.56546549822491]
[29.40303076742748]
[31.167105318382188]
[30.573742927262572]
[32.54381846190199]
[30.84951865955344]
[30.590654341038523]
[28.533666722461582]
[32.45390399785157]
[27.60842171306544]
[29.960220490807103]
[31.501850042422305]
[29.91446044753573]
[29.0474299924785]
[31.15925162686335]
[31.465982382505786]
[28.79247756736676]
[32.2650811482298]
[30.723530276964624]
[27.85730586608929]
[36.236151957637844]
[28.98306818528387]
[28.37502020769]
[30.538711022187634]
[30.289518472663445]
[30.8664822379639]
[27.027726794554468]
[29.96630113476114]
