[28.283109637408685]
[29.229724980628788]
[29.882994355956356]
[30.658154825250307]
[28.92455728006763]
[28.454422397195202]
[31.351486127750697]
[34.52867031868254]
[29.637680674427486]
[29.926412305316624]
[31.311312953732852]
[29.20004796060536]
[28.99382411327572]
[29.845080425276866]
[28.459252401731987]
[31.571084681816046]
[30.333883148741627]
[35.269965055694115]
[29.39868662620676]
[30.55231145341378]
[29.22450894309093]
[28.673173191711896]
[28.753667961002634]
[30.834846956525297]
[30.20030182621943]
[29.878647502613717]
[36.42383822373142]
[30.12232422827455]
[29.495478977839525]
[31.50351125495021]
[31.588876456687103]
[32.59324481088572]
[29.703514983400453]
[31.18691087617256]
[29.96560353876527]
[40.063700368365744]
[56.17158793486196]
[28.533666722461582]
[32.45390399785157]
[27.608421940072674]
[29.960220356893387]
[31.501850042422305]
[29.91446044753573]
[29.0474299924785]
[29.56546549822491]
[32.26508148334199]
[30.723530276964624]
[27.85730600410831]
[36.23615023048302]
[29.730189586152846]
[28.594441350538006]
[29.95537340512857]
[31.22486777028496]
[30.33809718007521]
[29.40303060292763]
[31.16710528761409]
[30.57374305875794]
[32.54381830772127]
[30.84951868666704]
[30.590654341038523]
[31.15925162686335]
[31.465982382505786]
[28.79247756736676]
[28.98306818528387]
[28.37502020769]
[30.538711022187634]
[30.289518472663445]
[30.8664822379639]
[27.027726794554468]
[29.96630113476114]
[30.65801230520617]
[29.592936919485325]
