[31.186911111603436]
[29.965603524681434]
[40.063700368365744]
[29.926412305316624]
[31.311312953732852]
[29.20004796060536]
[28.99382411327572]
[29.845080425276866]
[28.459252401731987]
[31.571084681816046]
[29.229724784715813]
[29.882994355956356]
[30.658154863129425]
[28.92455728006763]
[28.454422464784614]
[31.351486119149378]
[34.528669967360884]
[29.637680674427486]
[29.39868656807323]
[30.55231145341378]
[28.594441511159914]
[29.955373424169267]
[31.224867663383975]
[30.338097156291653]
[30.12232422827455]
[29.495478977839525]
[31.50351125495021]
[31.588876456687103]
[32.59324481088572]
[29.703514983400453]
[28.9830681676897]
[28.375020346747675]
[30.53871109685364]
[30.289518472663445]
[30.866482296874167]
[27.02772631725537]
[29.966300988503335]
[30.658012362649387]
[29.592936919485325]
[28.283109637408685]
[29.224508880651705]
[28.673173191711896]
[28.75366800035006]
[30.834846956525297]
[30.200301911130737]
[29.878647444846365]
[36.42383892216981]
[56.17158793486196]
[28.533666722461582]
[32.45390399785157]
[30.333883148741627]
[35.269965055694115]
[28.173158670775763]
[28.23616115881049]
[28.933846813707653]
[27.04719978118382]
[28.100248947446005]
[31.625041015119137]
[29.37986832744113]
[28.20599677573648]
[30.84951865955344]
[30.590654341038523]
[31.15925147813192]
[31.465982529899065]
[28.79247761446151]
[32.26508148334199]
[30.723530276964624]
[27.85730600410831]
[36.23615023048302]
[29.730189586152846]
[27.60842171306544]
[29.960220490807103]
[31.501850042422305]
[29.91446044753573]
[29.0474299924785]
[29.56546549822491]
[29.40303060292763]
[31.16710528761409]
[30.57374305875794]
[32.54381830772127]
