[28.9830681676897]
[28.375020346747675]
[30.53871109685364]
[30.289518472663445]
[30.866482296874167]
[27.02772631725537]
[29.966300988503335]
[30.658012362649387]
[29.592936919485325]
[28.283109637408685]
[29.229724980628788]
[29.882994355956356]
[30.658154825250307]
[28.92455728006763]
[28.454422397195202]
[31.351486127750697]
[34.52867031868254]
[29.637680674427486]
[29.39868662620676]
[30.55231145341378]
[29.22450894309093]
[28.673173191711896]
[28.753667961002634]
[30.834846956525297]
[30.20030182621943]
[29.878647502613717]
[36.42383822373142]
[56.17158749845129]
[28.533666722461582]
[32.45390399785157]
[27.60842171306544]
[29.960220490807103]
[31.501850042422305]
[29.91446044753573]
[29.0474299924785]
[29.56546549822491]
[29.40303060292763]
[31.16710528761409]
[30.57374305875794]
[32.54381830772127]
[30.84951868666704]
[30.590654341038523]
[31.15925162686335]
[31.465982382505786]
[28.79247756736676]
[32.2650811482298]
[30.723530276964624]
[27.85730586608929]
[36.236151957637844]
[29.730189586152846]
[28.594441511159914]
[28.291866924851746]
[30.018839554136324]
[29.739253130890013]
[29.752708218742924]
[30.894932105180928]
[28.435845634311107]
[28.853786621785616]
[29.2843492792108]
[29.696242182316613]
[29.61023086401549]
[30.03274249703719]
[29.72920394480333]
[31.943277110285976]
[29.837166352127277]
[29.840966759348817]
[30.00697638844001]
[29.944038205951465]
[27.737026976673008]
[27.89363646675485]
[29.80338220656563]
[29.241106956077147]
[33.6329714100475]
[27.376883858289986]
[29.104284377746595]
[29.71244777906969]
[29.979386804802985]
[28.533247734167695]
[28.42829808443446]
[27.956353424089553]
[27.29745980050039]
[27.859204962693553]
[30.378705257829722]
[27.534052846906775]
[29.57161268351001]
[26.514348534966985]
[28.25349338093487]
[54.44697341678308]
[40.09293944831052]
