[29.20004796060536]
[28.99382411327572]
[29.845080425276866]
[28.459252401731987]
[31.571084681816046]
[30.333883148741627]
[35.269965055694115]
[28.173158670775763]
[28.23616115881049]
[28.933846813707653]
[27.04719978118382]
[28.100248947446005]
[31.625041015119137]
[28.92455728006763]
[28.454422397195202]
[31.351486127750697]
[34.52867031868254]
[29.637680674427486]
[29.39868662620676]
[30.55231145341378]
[29.22450894309093]
[28.673173191711896]
[28.753667961002634]
[30.834846956525297]
[30.20030182621943]
[29.878647502613717]
[31.224867663383975]
[30.338097156291653]
[30.12232422827455]
[29.495478977839525]
[31.50351125495021]
[31.588876456687103]
[32.59324481088572]
[29.703514983400453]
[31.18691087617256]
[29.96560353876527]
[40.063700368365744]
[29.92641221092424]
[31.31131291951756]
[32.54381846190199]
[30.84951865955344]
[30.590654341038523]
[31.15925147813192]
[31.465982529899065]
[28.79247761446151]
[32.26508148334199]
[30.723530276964624]
[27.85730600410831]
[36.23615023048302]
[29.730189586152846]
[28.594441350538006]
[29.95537340512857]
[28.98306818528387]
[28.37502020769]
[30.538711022187634]
[30.289518472663445]
[30.8664822379639]
[27.027726794554468]
[29.96630113476114]
[30.65801230520617]
[29.592936919485325]
[28.283109637408685]
[29.229724784715813]
[29.882994355956356]
[30.658154863129425]
[29.379868426082325]
[28.20599671821911]
[29.120940007487008]
[28.5900111371584]
[28.75678032313943]
[32.86507415593405]
[28.384128447737407]
[28.5243197392507]
[51.053915110523434]
[33.246010851802566]
[35.122583342161306]
[33.02431808655429]
[32.92833810624458]
[41.85671943723446]
[32.86846851347701]
[30.996237967220054]
[37.210705326381515]
[32.57397389967611]
[32.60889746846963]
[32.0897382867104]
[31.385443476657912]
[33.334727316831895]
[32.507729796348144]
[30.047515644138855]
[34.2493425918644]
[32.3942074903087]
[36.42383822373142]
[56.17158749845129]
[28.533666722461582]
[32.45390399785157]
[27.60842171306544]
[29.960220490807103]
[31.501850042422305]
[29.91446044753573]
[29.0474299924785]
[29.56546549822491]
[29.40303060292763]
[31.16710528761409]
[30.57374305875794]
