[29.592936919485325]
[28.283109637408685]
[29.229724980628788]
[29.882994355956356]
[30.658154863129425]
[28.92455728006763]
[28.454422464784614]
[31.351486119149378]
[29.224508880651705]
[28.673173191711896]
[28.75366800035006]
[30.834846956525297]
[28.533666722461582]
[32.45390399785157]
[27.608421940072674]
[29.960220356893387]
[28.9830681676897]
[28.375020346747675]
[30.53871109685364]
[30.289518472663445]
[34.52867031868254]
[29.637680674427486]
[29.39868662620676]
[30.55231145341378]
[30.20030182621943]
[29.878647502613717]
[36.42383822373142]
[56.17158749845129]
[30.8664822379639]
[27.027726794554468]
[29.96630113476114]
[30.65801230520617]
