[28.9830681676897]
[28.375020346747675]
[30.53871109685364]
[30.289518472663445]
[30.866482296874167]
[27.02772631725537]
[29.966300988503335]
[30.658012362649387]
[29.592936919485325]
[28.283109637408685]
[29.229724980628788]
[29.882994355956356]
[30.658154825250307]
[28.92455728006763]
[28.454422397195202]
[31.351486127750697]
[34.528669967360884]
[29.637680674427486]
[29.39868656807323]
[30.55231145341378]
[29.224508880651705]
[28.673173191711896]
[28.75366800035006]
[30.834846956525297]
[30.200301911130737]
[29.878647444846365]
[36.42383892216981]
[56.17158793486196]
[28.533666722461582]
[32.45390399785157]
[27.608421940072674]
[29.960220356893387]
[36.236151957637844]
[29.730189586152846]
[28.594441511159914]
[29.955373424169267]
[31.224867663383975]
[30.338097156291653]
[30.12232422827455]
[29.495478977839525]
[31.50351125495021]
[31.588876456687103]
[32.59324481088572]
[29.703514983400453]
[31.18691087617256]
[29.96560353876527]
[40.063700368365744]
[29.92641221092424]
[31.311312953732852]
[29.20004796060536]
[28.99382411327572]
[29.845080425276866]
[28.459252401731987]
[31.571084681816046]
[30.333883148741627]
[35.269965055694115]
[28.173158670775763]
[28.23616115881049]
[28.933846813707653]
[27.04719978118382]
[28.100248947446005]
[31.625041015119137]
[29.37986832744113]
[28.20599677573648]
[31.279162072612735]
[30.17103655080801]
[29.94786872071927]
[28.471122298447227]
[29.728093717612232]
[28.768745771794627]
[30.136603885097486]
[27.256573447399916]
[29.220177378669746]
[28.386896354516793]
[29.156528484662438]
[27.16260294300733]
[28.07619384638633]
[27.82638533287721]
[27.183336580362806]
[27.52503215430204]
[31.501850042422305]
[29.91446044753573]
[29.0474299924785]
[29.56546549822491]
[29.40303076742748]
[31.167105318382188]
[30.573742927262572]
[32.54381846190199]
[30.84951865955344]
[30.590654341038523]
[31.15925147813192]
[31.465982529899065]
[28.79247761446151]
[32.26508148334199]
[30.723530276964624]
[27.85730600410831]
[29.120940007487008]
[28.5900111371584]
[28.75678032313943]
[32.86507415593405]
[28.384128447737407]
[28.5243197392507]
[51.053915110523434]
[33.246010851802566]
[35.122583342161306]
[33.02431808655429]
[32.92833810624458]
[41.85671854935208]
[32.86846851347701]
[30.996237967220054]
[37.210705326381515]
[32.57397384486404]
[32.60889746846963]
[32.0897382867104]
[31.385443476657912]
[33.334727316831895]
[32.507729796348144]
[30.047515644138855]
[34.2493425918644]
[32.3942074903087]
[31.924359031601696]
[32.07771656704122]
[31.296323611786022]
[34.59338923009763]
[29.972050465628115]
[30.59937858085602]
[29.27214364748886]
[27.633445531953896]
