[28.92455728006763]
[28.454422397195202]
[31.351486127750697]
[34.52867031868254]
[29.637680674427486]
[29.39868662620676]
[30.55231145341378]
[29.22450894309093]
[28.673173191711896]
[28.753667961002634]
[30.834846956525297]
[30.20030182621943]
[29.878647502613717]
[31.224867663383975]
[30.338097156291653]
[30.12232422827455]
[29.495478977839525]
[31.50351125495021]
[31.588876456687103]
[32.59324481088572]
[29.703514983400453]
[31.18691087617256]
[29.96560353876527]
[40.063700368365744]
[29.92641221092424]
[31.31131291951756]
[32.54381846190199]
[30.84951865955344]
[30.590654341038523]
[31.15925147813192]
[31.465982529899065]
[28.79247761446151]
[32.26508148334199]
[30.723530276964624]
[27.85730600410831]
[36.23615023048302]
[29.730189586152846]
[28.594441350538006]
[29.95537340512857]
[29.200047913759093]
[28.9938241617686]
[29.84508042168536]
[28.45925251691051]
[31.571084931653786]
[30.33388313485608]
[35.269965055694115]
[28.173158670775763]
[28.23616127486673]
[28.933846813707653]
[27.04719990221254]
[28.100249028651348]
[31.62504119896971]
[28.98306818528387]
[28.37502020769]
[30.538711022187634]
[30.289518472663445]
[30.8664822379639]
[27.027726794554468]
[29.96630113476114]
[30.65801230520617]
[29.592936919485325]
[28.283109637408685]
[29.229724784715813]
[29.882994355956356]
[30.658154863129425]
[41.85671854935208]
[32.86846851347701]
[30.996237967220054]
[37.210705326381515]
[32.57397384486404]
[32.60889748231513]
[32.08973839059682]
[31.385443476657912]
[33.33472727494622]
[32.50772981449422]
[30.047515943182816]
[34.24934254242459]
[32.39420754110118]
[36.42383822373142]
[56.17158749845129]
[28.533666722461582]
[32.45390399785157]
[27.60842171306544]
[29.960220490807103]
[31.501850042422305]
[29.91446044753573]
[29.0474299924785]
[29.56546549822491]
[29.40303060292763]
[31.16710528761409]
[30.57374305875794]
[29.37986832744113]
[28.20599677573648]
[29.120940160283567]
[28.5900111371584]
[28.75678029592804]
[32.86507415593405]
[28.384128428687582]
[28.52431969321131]
[51.05391310694898]
[33.246010851802566]
[35.12258324153299]
[33.02431808655429]
[32.92833804575555]
