[29.592936919485325]
[28.283109637408685]
[29.229724784715813]
[29.882994355956356]
[30.866482296874167]
[27.02772631725537]
[29.966300988503335]
[30.658012362649387]
[30.658154825250307]
[28.92455728006763]
[28.454422397195202]
[31.351486127750697]
[29.224508880651705]
[28.673173191711896]
[28.75366800035006]
[30.834846956525297]
[28.533666722461582]
[32.45390399785157]
[27.608421940072674]
[29.960220356893387]
[34.52867031868254]
[29.637680674427486]
[29.39868662620676]
[30.55231145341378]
[30.20030182621943]
[29.878647502613717]
[36.42383822373142]
[56.17158749845129]
[28.98306818528387]
[28.37502020769]
[30.538711022187634]
[30.289518472663445]
