[27.02772631725537]
[29.966300988503335]
[30.658012362649387]
[29.592936919485325]
[28.283109637408685]
[29.229724784715813]
[29.882994355956356]
[30.658154863129425]
[28.92455728006763]
[28.454422464784614]
[29.22450894309093]
[28.673173191711896]
[28.753667961002634]
[30.834846956525297]
[30.20030182621943]
[31.351486127750697]
[34.52867031868254]
[29.637680674427486]
[29.39868662620676]
[30.55231145341378]
[29.878647444846365]
[36.42383892216981]
[56.17158793486196]
[28.533666722461582]
[32.45390399785157]
[29.56546549822491]
[29.40303076742748]
[31.167105318382188]
[30.573742927262572]
[32.54381846190199]
[27.60842171306544]
[29.960220490807103]
[31.501850042422305]
[29.91446044753573]
[29.0474299924785]
[28.98306818528387]
[28.37502020769]
[30.538711022187634]
[30.289518472663445]
[30.8664822379639]
