[28.9830681676897]
[28.375020346747675]
[30.53871109685364]
[30.289518472663445]
[30.866482296874167]
[27.02772631725537]
[29.966300988503335]
[30.658012362649387]
[29.592936919485325]
[28.283109637408685]
[29.229724980628788]
[29.882994355956356]
[30.658154825250307]
[28.92455728006763]
[28.454422397195202]
[31.351486127750697]
[34.52867031868254]
[34.24934254242459]
[32.39420754110118]
[31.924359031601696]
[32.07771656704122]
[31.296323480611107]
[34.59338923009763]
[29.972050465628115]
[30.599378630708955]
[29.272143442761887]
[27.633445531953896]
[31.279162072612735]
[30.17103655080801]
[29.94786872071927]
[28.471122298447227]
[29.728093717612232]
[28.768745771794627]
[30.136603885097486]
[29.637680674427486]
[29.39868656807323]
[30.55231145341378]
[29.224508880651705]
[28.673173191711896]
[28.75366800035006]
[30.834846956525297]
[30.200301911130737]
[29.878647444846365]
[36.42383892216981]
[56.17158793486196]
[28.533666722461582]
[32.45390399785157]
[27.608421940072674]
[29.960220356893387]
[31.501850042422305]
[29.91446044753573]
[29.95537340512857]
[31.22486777028496]
[30.33809718007521]
[30.122324269272127]
[29.495479090113093]
[31.503511134235907]
[31.58887628935895]
[32.59324481088572]
[29.703514936073645]
[31.186911111603436]
[29.965603524681434]
[40.063700368365744]
[29.926412305316624]
[31.311312953732852]
[29.20004796060536]
[28.99382411327572]
[29.845080425276866]
[28.45925251691051]
[31.571084931653786]
[30.33388313485608]
[35.269965055694115]
[28.173158670775763]
[28.23616127486673]
[28.933846813707653]
[27.04719990221254]
[28.100249028651348]
[31.62504119896971]
[29.379868426082325]
[28.20599671821911]
[29.120940007487008]
[28.5900111371584]
[28.75678032313943]
[32.86507415593405]
[28.384128447737407]
[27.256573447399916]
[29.220177422926575]
[28.386896311185154]
[29.15652833056356]
[27.16260294300733]
[28.076193853145686]
[27.82638533287721]
[27.183336580362806]
[27.52503215430204]
[27.2897173533093]
[27.244556438977973]
[24.0439443124708]
[27.574284965014613]
[25.81379559911808]
[24.81533108555068]
[24.762541035184512]
[24.836241947854077]
[28.52431969321131]
[51.05391310694898]
[33.246010851802566]
[35.12258324153299]
[33.02431808655429]
[32.92833804575555]
[41.85671943723446]
[32.86846851347701]
[30.996237967220054]
[37.210705326381515]
[32.57397389967611]
[32.60889746846963]
[32.0897382867104]
[31.385443476657912]
[33.334727316831895]
[32.507729796348144]
[30.047515644138855]
[29.0474299924785]
[29.56546549822491]
[29.40303060292763]
[31.16710528761409]
[30.57374305875794]
[32.54381830772127]
[30.84951868666704]
[30.590654341038523]
[31.15925162686335]
[31.465982382505786]
[28.79247756736676]
[32.2650811482298]
[30.723530276964624]
[27.85730586608929]
[36.236151957637844]
[29.730189586152846]
[28.594441511159914]
