[36.236151957637844]
[29.730189586152846]
[28.594441511159914]
[29.955373424169267]
[31.224867663383975]
[30.338097156291653]
[30.12232422827455]
[29.495478977839525]
[31.50351125495021]
[31.588876456687103]
[32.59324481088572]
[29.703514983400453]
[28.9830681676897]
[28.375020346747675]
[30.53871109685364]
[30.289518472663445]
[30.866482296874167]
[27.02772631725537]
[29.966300988503335]
[30.658012362649387]
[29.592936919485325]
[28.283109637408685]
[29.229724980628788]
[29.882994355956356]
[30.658154863129425]
[28.92455728006763]
[28.454422464784614]
[31.351486119149378]
[34.528669967360884]
[29.637680674427486]
[29.39868656807323]
[30.55231145341378]
[29.224508880651705]
[28.673173191711896]
[28.75366800035006]
[30.834846956525297]
[28.384128447737407]
[28.5243197392507]
[51.053915110523434]
[33.246010851802566]
[35.122583342161306]
[33.02431808655429]
[32.92833810624458]
[41.85671854935208]
[32.86846851347701]
[30.996237967220054]
[37.210705326381515]
[32.57397384486404]
[28.173158670775763]
[28.23616127486673]
[28.933846813707653]
[27.04719990221254]
[28.100249028651348]
[31.62504119896971]
[29.379868426082325]
[28.20599671821911]
[29.120940007487008]
[28.5900111371584]
[28.75678032313943]
[32.86507415593405]
[30.20030182621943]
[29.878647502613717]
[36.42383822373142]
[56.17158749845129]
[28.533666722461582]
[32.45390399785157]
[27.60842171306544]
[29.960220490807103]
[31.501850042422305]
[29.91446044753573]
[29.0474299924785]
[29.56546549822491]
[31.18691087617256]
[29.96560353876527]
[40.063700368365744]
[29.92641221092424]
[31.31131291951756]
[29.200047913759093]
[28.9938241617686]
[29.84508042168536]
[28.45925251691051]
[31.571084931653786]
[30.33388313485608]
[35.269965055694115]
[29.40303060292763]
[31.16710528761409]
[30.57374305875794]
[32.54381830772127]
[30.84951868666704]
[30.590654341038523]
[31.15925162686335]
[31.465982382505786]
[28.79247756736676]
[32.2650811482298]
[30.723530276964624]
[27.85730586608929]
