[28.283109637408685]
[29.229724784715813]
[29.882994355956356]
[30.658154863129425]
[28.92455728006763]
[28.454422464784614]
[31.351486119149378]
[34.528669967360884]
[29.637680674427486]
[30.122324269272127]
[29.495479090113093]
[31.503511134235907]
[31.58887628935895]
[32.59324481088572]
[29.703514936073645]
[31.186911111603436]
[29.965603524681434]
[40.063700368365744]
[32.2650811482298]
[30.723530276964624]
[27.85730586608929]
[36.236151957637844]
[29.730189586152846]
[28.594441511159914]
[29.955373424169267]
[31.224867663383975]
[30.338097156291653]
[28.9830681676897]
[28.375020346747675]
[30.53871109685364]
[30.289518472663445]
[30.866482296874167]
[27.02772631725537]
[29.966300988503335]
[30.658012362649387]
[29.592936919485325]
[29.39868656807323]
[30.55231145341378]
[29.224508880651705]
[28.673173191711896]
[28.75366800035006]
[30.834846956525297]
[30.200301911130737]
[29.878647444846365]
[36.42383892216981]
[29.40303076742748]
[31.167105318382188]
[30.573742927262572]
[32.54381846190199]
[30.84951865955344]
[30.590654341038523]
[31.15925147813192]
[31.465982529899065]
[28.79247761446151]
[56.17158749845129]
[28.533666722461582]
[32.45390399785157]
[27.60842171306544]
[29.960220490807103]
[31.501850042422305]
[29.91446044753573]
[29.0474299924785]
[29.56546549822491]
[29.92641221092424]
[31.31131291951756]
[29.200047913759093]
[28.9938241617686]
[29.84508042168536]
[28.45925251691051]
[31.571084931653786]
[30.33388313485608]
[35.269965055694115]
