[29.229724784715813]
[29.882994355956356]
[30.658154863129425]
[28.92455728006763]
[28.454422464784614]
[31.351486119149378]
[34.528669967360884]
[29.637680674427486]
[29.39868656807323]
[30.55231145341378]
[28.9830681676897]
[28.375020346747675]
[30.53871109685364]
[30.289518472663445]
[30.866482296874167]
[27.02772631725537]
[29.966300988503335]
[30.658012362649387]
[29.592936919485325]
[28.283109637408685]
[30.333883148741627]
[35.269965055694115]
[28.173158670775763]
[28.23616115881049]
[28.933846813707653]
[27.04719978118382]
[28.100248947446005]
[31.625041015119137]
[29.37986832744113]
[28.20599677573648]
[29.22450894309093]
[28.673173191711896]
[28.753667961002634]
[30.834846956525297]
[30.20030182621943]
[29.878647502613717]
[36.42383822373142]
[56.17158749845129]
[28.533666722461582]
[32.45390399785157]
[28.594441350538006]
[29.95537340512857]
[31.22486777028496]
[30.33809718007521]
[30.122324269272127]
[29.495479090113093]
[31.503511134235907]
[31.58887628935895]
[32.59324481088572]
[29.703514936073645]
[27.608421940072674]
[29.960220356893387]
[31.501850042422305]
[29.91446044753573]
[29.0474299924785]
[29.56546549822491]
[29.40303076742748]
[31.167105318382188]
[30.573742927262572]
[32.54381846190199]
[30.84951868666704]
[30.590654341038523]
[31.15925162686335]
[31.465982382505786]
[28.79247756736676]
[32.2650811482298]
[30.723530276964624]
[27.85730586608929]
[36.236151957637844]
[29.730189586152846]
[31.18691087617256]
[29.96560353876527]
[40.063700368365744]
[29.92641221092424]
[31.31131291951756]
[29.200047913759093]
[28.9938241617686]
[29.84508042168536]
[28.45925251691051]
[31.571084931653786]
