[30.658154825250307]
[28.92455728006763]
[28.454422397195202]
[31.351486127750697]
[34.52867031868254]
[29.637680674427486]
[29.39868662620676]
[30.55231145341378]
[29.22450894309093]
[28.673173191711896]
[28.753667961002634]
[30.834846956525297]
[36.23615023048302]
[29.730189586152846]
[28.594441350538006]
[29.95537340512857]
[31.22486777028496]
[30.33809718007521]
[30.122324269272127]
[29.495479090113093]
[31.503511134235907]
[31.58887628935895]
[32.59324481088572]
[29.703514936073645]
[30.200301911130737]
[29.878647444846365]
[36.42383892216981]
[56.17158793486196]
[28.533666722461582]
[32.45390399785157]
[27.608421940072674]
[29.960220356893387]
[31.501850042422305]
[29.91446044753573]
[29.0474299924785]
[29.56546549822491]
[28.384128447737407]
[28.5243197392507]
[51.053915110523434]
[33.246010851802566]
[35.122583342161306]
[33.02431808655429]
[32.92833810624458]
[41.85671854935208]
[32.86846851347701]
[30.996237967220054]
[37.210705326381515]
[32.57397384486404]
[28.173158670775763]
[28.23616115881049]
[28.933846813707653]
[27.04719978118382]
[28.100248947446005]
[31.625041015119137]
[29.37986832744113]
[28.20599677573648]
[29.120940160283567]
[28.5900111371584]
[28.75678029592804]
[32.86507415593405]
[28.98306818528387]
[28.37502020769]
[30.538711022187634]
[30.289518472663445]
[30.8664822379639]
[27.027726794554468]
[29.96630113476114]
[30.65801230520617]
[29.592936919485325]
[28.283109637408685]
[29.229724784715813]
[29.882994355956356]
[31.18691087617256]
[29.96560353876527]
[40.063700368365744]
[29.92641221092424]
[31.31131291951756]
[29.200047913759093]
[28.9938241617686]
[29.84508042168536]
[28.45925251691051]
[31.571084931653786]
[30.33388313485608]
[35.269965055694115]
[29.40303060292763]
[31.16710528761409]
[30.57374305875794]
[32.54381830772127]
[30.84951868666704]
[30.590654341038523]
[31.15925162686335]
[31.465982382505786]
[28.79247756736676]
[32.2650811482298]
[30.723530276964624]
[27.85730586608929]
