[30.018839554136324]
[29.739253130890013]
[29.752708218742924]
[30.894932105180928]
[28.435845634311107]
[28.853786621785616]
[29.2843492792108]
[29.696242182316613]
[29.61023086401549]
[30.03274249703719]
[29.72920394480333]
[31.943277110285976]
[29.837166352127277]
[29.840966759348817]
[30.00697638844001]
[29.944038205951465]
[27.737026976673008]
[27.89363646675485]
[29.80338220656563]
[29.241106956077147]
[33.6329714100475]
[27.376883858289986]
[29.104284377746595]
[29.71244777906969]
[29.979386804802985]
[28.533247734167695]
[28.42829808443446]
[27.956353424089553]
[27.29745980050039]
[27.859204962693553]
[30.378705257829722]
[27.534052846906775]
[29.57161268351001]
[26.514348534966985]
[24.827591014613404]
[30.221956113451597]
[28.021419010600283]
[30.55399309600797]
[31.078100131762532]
[28.484671117741158]
[28.87785009091931]
[29.385878061677317]
[27.943747170861172]
[26.319232967386824]
[25.83602662429226]
[23.554977432517035]
[25.717553744076213]
[29.24247468917696]
[25.15883210006649]
[25.535203971740827]
[25.33092735834566]
[25.94713241180432]
[27.08275404780065]
[23.698727484726078]
[22.814650273865254]
[21.704684866373]
[23.623990371038417]
[21.845591264357218]
[21.550174415464515]
[20.93828089352388]
[21.072796764462055]
[22.425914240891203]
[19.14392875284426]
[31.84232235497423]
[39.92394677655187]
[53.657371228483896]
[58.439986197873395]
[34.22139911147701]
[33.3565619180375]
[33.63011027069196]
[28.999168291845933]
[30.22399372628385]
[29.50727134132756]
[30.58548912732111]
[28.701772798380347]
[28.912342432256366]
[34.80637680694281]
[28.21214856942524]
[28.364488972995645]
[33.19185761025955]
[56.55055233001599]
[29.967954449251934]
[31.760107938865815]
[28.526060589844803]
[31.23316564562856]
[28.95766284183088]
[29.286548482198043]
[29.263202927728347]
[29.578225979051147]
[29.62769363921018]
[31.464287906225707]
[29.67672740364877]
[30.960921856249]
[30.39827524906236]
[30.038054392497237]
[30.267135221020112]
[31.33889437414399]
[28.964805438164092]
[30.426137248945636]
[30.26345210073748]
[27.516613726085893]
[29.94103836280875]
[31.832592718212737]
[27.98055121393304]
[28.36376647083921]
[27.401863331225286]
[56.36134910189506]
[33.096392383952036]
[33.27239499694642]
[33.36436589392804]
[33.83139172089821]
[33.84683411925083]
[31.64402557491593]
[30.721822099504834]
[32.60069521912517]
[30.761805744253138]
[34.95601808192566]
[30.592699863914987]
[32.566090949712915]
[34.427454509611266]
[32.440232412150934]
[30.317046439410092]
[33.88162659184192]
[31.202705154193154]
[35.072322593380235]
[36.68896448943997]
[31.8183253343999]
[32.12962224287949]
[30.434530900453225]
[32.725385863150734]
[30.011336178902]
[27.882962755100863]
[30.027385996538897]
[28.7352620606504]
[29.30569863884608]
[27.491616745524453]
[28.13736880037152]
[29.05051690620734]
[30.483953318973505]
[32.04620610592636]
[35.37281580479706]
[46.42825644883851]
[40.21112222915909]
[33.38043343251266]
[34.845510818692674]
[35.13321770462082]
[32.17925230671244]
[34.51350493286077]
[34.71382684125077]
[33.02341524173903]
[33.1904452923261]
[32.0259051584037]
[32.98156215616707]
[36.432411768782345]
[33.409655850103974]
[33.992824758237816]
[34.197524798984915]
[33.07422880754143]
[31.846482819142068]
[33.79215771796805]
[37.02261910908791]
[41.466067101265935]
[35.43087331882788]
[37.39818088295897]
[36.00113285548878]
[35.55144030713107]
[37.859082425816666]
[36.90173774644836]
[35.65396672597251]
[33.363862203206395]
[37.13035884472862]
[36.00459175935066]
[34.50645386577207]
[36.49338165237904]
[35.23689833082298]
[34.11490492652743]
[35.61391697062331]
[35.997995882413406]
[38.34410218216544]
[34.02816985055074]
[35.464690757678]
[36.93677464676418]
[37.58011117608356]
[37.64610526487968]
[36.620930781859016]
[42.81356342978734]
[36.07975199308112]
[35.88851523549448]
[38.57473228794265]
[35.20483856070237]
[36.930171550987325]
[35.6667190571564]
[36.533098586449796]
[35.49073835252818]
[34.71110401916434]
[42.068183864919774]
[34.87497585906607]
[43.68718951834828]
[31.21791052275097]
[32.27387889588097]
[31.99940461857524]
[32.21726310019015]
[33.14682553273451]
[33.354537684192564]
[32.53143010968327]
[32.56925949993929]
[33.03994789279115]
[34.06945152946706]
[34.7218665184877]
[36.63583757916058]
[35.10432994344782]
[40.308692583151014]
[34.77165465746836]
[34.335137177004256]
[36.07541334616758]
[35.67499338186911]
[36.04342002095095]
[35.336579048358004]
[34.537891219274]
[34.46584833715565]
[34.319959330097106]
[34.899659268861626]
[33.42080667425796]
[34.50540766162527]
[33.33058550385837]
[32.60908766496796]
[32.77906557229245]
[33.63062056501146]
[33.962694076632715]
[28.98306818528387]
[28.37502020769]
[30.538711022187634]
[30.289518472663445]
[30.8664822379639]
[27.027726794554468]
[29.96630113476114]
[30.65801230520617]
[29.592936919485325]
[28.283109637408685]
[29.229724784715813]
[29.882994355956356]
[30.658154863129425]
[28.92455728006763]
[28.454422464784614]
[31.351486119149378]
[34.528669967360884]
[33.89067026944747]
